{
 "cells": [
  {
   "cell_type": "code",
   "execution_count": 1,
   "id": "c25e907b",
   "metadata": {},
   "outputs": [],
   "source": [
    "import numpy as np\n",
    "import pandas as pd\n",
    "import matplotlib.pyplot as plt\n",
    "import seaborn as sb\n",
    "from sklearn.model_selection import train_test_split"
   ]
  },
  {
   "cell_type": "code",
   "execution_count": 2,
   "id": "a03140bd",
   "metadata": {},
   "outputs": [],
   "source": [
    "dp=pd.read_csv('C:\\\\Users\\\\hp\\\\Desktop\\\\FODS_2\\\\FODS-A2.csv')"
   ]
  },
  {
   "cell_type": "code",
   "execution_count": 3,
   "id": "4ae741d3",
   "metadata": {},
   "outputs": [],
   "source": [
    "def calc_weights(X,y):\n",
    "    \n",
    "    X=(X-X.mean())/X.std()\n",
    "    y=(y-y.mean())/y.std()\n",
    "    X_train,X_test,y_train,y_test = train_test_split(X,y,test_size=0.2,random_state=90,shuffle=True)\n",
    "    \n",
    "    weights=np.ones((X_train.shape[1],1))\n",
    "    prod=np.dot(X_train.transpose(),X_train)\n",
    "    inv_mat=np.linalg.inv(prod)\n",
    "    prod_1=np.dot(inv_mat,X_train.transpose())\n",
    "    weights=np.dot(prod_1,y_train)\n",
    "    \n",
    "    return weights"
   ]
  },
  {
   "cell_type": "code",
   "execution_count": 4,
   "id": "e78bee6a",
   "metadata": {},
   "outputs": [],
   "source": [
    "def model_train_error(X,y,weights):\n",
    "    X=(X-X.mean())/X.std()\n",
    "    y=(y-y.mean())/y.std()\n",
    "    X_train,X_test,y_train,y_test = train_test_split(X,y,test_size=0.2,random_state=90,shuffle=True)\n",
    "    \n",
    "    n=len(X_train)\n",
    "    err=(1/(2*n))*np.sum(np.square(y_train-np.dot(X_train,weights)))\n",
    "    return err"
   ]
  },
  {
   "cell_type": "code",
   "execution_count": 5,
   "id": "7ad04f9c",
   "metadata": {},
   "outputs": [],
   "source": [
    "def model_test_error(X,y,weights):\n",
    "    X=(X-X.mean())/X.std()\n",
    "    y=(y-y.mean())/y.std()\n",
    "    X_train,X_test,y_train,y_test = train_test_split(X,y,test_size=0.2,random_state=90,shuffle=True)\n",
    "    \n",
    "    n=len(X_test)\n",
    "    err=(1/(2*n))*np.sum(np.square(y_test-np.dot(X_test,weights)))\n",
    "    return err"
   ]
  },
  {
   "cell_type": "code",
   "execution_count": 6,
   "id": "ae0970fa",
   "metadata": {},
   "outputs": [],
   "source": [
    "pca_output=[]"
   ]
  },
  {
   "cell_type": "code",
   "execution_count": 7,
   "id": "6fa48458",
   "metadata": {},
   "outputs": [
    {
     "data": {
      "text/plain": [
       "array([[ 2.62489898e+00,  1.15784352e+00,  3.00374602e+00,\n",
       "         7.78540737e-02,  2.93523435e+00, -6.34814836e-02,\n",
       "         2.91997488e+00,  8.25043951e-01,  2.69001821e+00,\n",
       "        -1.58088697e-01,  6.53045173e+00, -3.07962541e+01,\n",
       "         2.90040849e+00,  1.29040659e+00,  2.63280592e+00,\n",
       "         1.01259217e-01,  2.78395960e+00,  5.75639677e-01,\n",
       "         5.97296058e+00, -1.81913834e+00, -8.16687014e+00,\n",
       "        -3.40448387e-01, -1.35424972e+00,  3.99762102e+00,\n",
       "        -2.81594696e-01, -2.81594696e-01,  8.05888303e+00],\n",
       "       [ 1.15784352e+00,  1.59517600e+01,  2.44929609e+00,\n",
       "         1.30694800e+01,  2.13492488e+00,  1.10937501e+01,\n",
       "         9.68942595e-01,  1.54566513e+01,  1.58739322e+00,\n",
       "         1.08132165e+01,  7.84927787e+00,  3.04787925e+01,\n",
       "         2.46653590e-01,  1.66128540e+01, -1.86503475e-01,\n",
       "         1.55982629e+01,  1.00860126e+00,  1.28075355e+01,\n",
       "         7.44176106e+00, -8.27822881e+00,  1.66329347e+01,\n",
       "         1.89706178e+00, -1.02685594e+00,  1.09595387e+01,\n",
       "         1.35117328e-01,  1.35117328e-01,  3.20020519e+01],\n",
       "       [ 3.00374602e+00,  2.44929609e+00,  4.92840127e+00,\n",
       "        -1.48369387e+00,  3.31189545e+00,  9.43355989e-01,\n",
       "         3.47415575e+00,  2.33223764e+00,  2.99555060e+00,\n",
       "         6.52824612e-01,  1.09375030e+01, -4.00601695e+01,\n",
       "         3.13371697e+00,  2.74655849e+00,  2.53007458e+00,\n",
       "         9.33244384e-01,  3.04656003e+00,  1.51172525e+00,\n",
       "         9.47841900e+00, -2.10299766e+00, -1.66512160e+01,\n",
       "         2.75100958e-01, -1.68553121e+00,  5.55468677e+00,\n",
       "        -6.95225358e-01, -6.95225358e-01,  2.53729380e+01],\n",
       "       [ 7.78540737e-02,  1.30694800e+01, -1.48369387e+00,\n",
       "         1.68939730e+01,  1.19029760e+00,  9.17456498e+00,\n",
       "        -3.03162212e-01,  1.30142963e+01,  8.75527581e-01,\n",
       "         9.25307586e+00, -3.02971476e-01,  5.02179485e+01,\n",
       "        -3.88104157e-01,  1.46933477e+01, -2.94742726e-01,\n",
       "         1.47647285e+01,  5.12538650e-01,  1.16234314e+01,\n",
       "         7.40874303e-01, -7.53377121e+00,  3.63704352e+01,\n",
       "         5.71409150e-01, -3.43664158e-01,  8.70617196e+00,\n",
       "         1.10327178e+00,  1.10327178e+00, -2.83995323e+01],\n",
       "       [ 2.93523435e+00,  2.13492488e+00,  3.31189545e+00,\n",
       "         1.19029760e+00,  4.10351079e+00,  3.70904523e-02,\n",
       "         3.54174349e+00,  1.24373249e+00,  3.36358600e+00,\n",
       "        -1.03947603e+00,  8.50837788e+00, -4.04937144e+01,\n",
       "         3.65400770e+00,  1.98810245e+00,  3.17046184e+00,\n",
       "         6.65946539e-01,  3.69836312e+00,  1.22701615e+00,\n",
       "         7.60691562e+00, -2.89357831e+00, -8.35942750e+00,\n",
       "        -4.87019999e-01, -2.42716508e+00,  5.57780248e+00,\n",
       "        -1.92648508e-01, -1.92648508e-01,  1.70969509e+01],\n",
       "       [-6.34814836e-02,  1.10937501e+01,  9.43355989e-01,\n",
       "         9.17456498e+00,  3.70904523e-02,  1.07404226e+01,\n",
       "        -8.57627179e-01,  1.29492024e+01, -2.48730287e-01,\n",
       "         1.08510277e+01,  1.79336847e+00,  5.19442408e+01,\n",
       "        -1.68061988e+00,  1.41509993e+01, -1.75861473e+00,\n",
       "         1.43374517e+01, -1.21488606e+00,  1.14404314e+01,\n",
       "         2.29434604e+00, -5.35428490e+00,  1.77733885e+01,\n",
       "         1.96298620e+00,  8.87456138e-01,  5.99746786e+00,\n",
       "        -3.71758091e-02, -3.71758091e-02,  9.13760927e+00],\n",
       "       [ 2.91997488e+00,  9.68942595e-01,  3.47415575e+00,\n",
       "        -3.03162212e-01,  3.54174349e+00, -8.57627179e-01,\n",
       "         4.22082411e+00, -3.05761359e-01,  3.35169207e+00,\n",
       "        -1.36621228e+00,  8.25207446e+00, -4.48460018e+01,\n",
       "         3.84469411e+00,  6.20369727e-01,  3.22958718e+00,\n",
       "        -8.43185545e-01,  3.72065635e+00, -1.14970930e-01,\n",
       "         7.37000440e+00, -1.29438447e+00, -1.17709251e+01,\n",
       "        -8.97821996e-01, -2.41835576e+00,  4.61077064e+00,\n",
       "        -4.38976391e-01, -4.38976391e-01,  7.63973236e+00],\n",
       "       [ 8.25043951e-01,  1.54566513e+01,  2.33223764e+00,\n",
       "         1.30142963e+01,  1.24373249e+00,  1.29492024e+01,\n",
       "        -3.05761359e-01,  1.91814640e+01,  8.37398445e-01,\n",
       "         1.37447996e+01,  7.10713522e+00,  5.29041575e+01,\n",
       "        -1.12279746e+00,  2.02456420e+01, -1.34834317e+00,\n",
       "         1.95464316e+01, -2.86510333e-01,  1.56705372e+01,\n",
       "         7.03881499e+00, -7.66944985e+00,  2.23548042e+01,\n",
       "         3.04661680e+00,  2.20424739e-01,  1.15967107e+01,\n",
       "         3.87600973e-01,  3.87600973e-01,  6.16972980e+00],\n",
       "       [ 2.69001821e+00,  1.58739322e+00,  2.99555060e+00,\n",
       "         8.75527581e-01,  3.36358600e+00, -2.48730287e-01,\n",
       "         3.35169207e+00,  8.37398445e-01,  3.50671579e+00,\n",
       "         6.54931574e-01,  7.21616430e+00, -3.67903330e+01,\n",
       "         3.47488794e+00,  1.54223534e+00,  3.03916362e+00,\n",
       "         2.63039603e-01,  3.46770836e+00,  6.10379010e-01,\n",
       "         6.55304415e+00, -2.43490988e+00, -7.59436216e+00,\n",
       "        -6.60867356e-01, -1.73670982e+00,  4.68407515e+00,\n",
       "        -2.06426246e-01, -2.06426246e-01,  2.42830920e+00],\n",
       "       [-1.58088697e-01,  1.08132165e+01,  6.52824612e-01,\n",
       "         9.25307586e+00, -1.03947603e+00,  1.08510277e+01,\n",
       "        -1.36621228e+00,  1.37447996e+01,  6.54931574e-01,\n",
       "         8.29443937e+01, -3.67638722e+00,  7.12622809e+01,\n",
       "        -2.70686740e+00,  1.50806424e+01, -1.48800018e+00,\n",
       "         1.67251576e+01, -2.42421818e+00,  1.00851819e+01,\n",
       "        -2.11489525e+00, -7.89747878e+00,  2.51951523e+01,\n",
       "         1.49847660e+00, -2.27557353e+00,  3.39144898e+00,\n",
       "        -2.66886665e+00, -2.66886665e+00,  1.06518705e+01],\n",
       "       [ 6.53045173e+00,  7.84927787e+00,  1.09375030e+01,\n",
       "        -3.02971476e-01,  8.50837788e+00,  1.79336847e+00,\n",
       "         8.25207446e+00,  7.10713522e+00,  7.21616430e+00,\n",
       "        -3.67638722e+00,  3.71826753e+01, -1.26926539e+02,\n",
       "         8.06540553e+00,  8.33624062e+00,  5.85799456e+00,\n",
       "         2.74604310e+00,  8.25865360e+00,  4.83741573e+00,\n",
       "         3.17874289e+01, -6.46039918e+00, -5.19874861e+01,\n",
       "         2.45406817e+00, -6.22955901e+00,  1.96490046e+01,\n",
       "        -2.09833239e+00, -2.09833239e+00,  7.36734340e+01],\n",
       "       [-3.07962541e+01,  3.04787925e+01, -4.00601695e+01,\n",
       "         5.02179485e+01, -4.04937144e+01,  5.19442408e+01,\n",
       "        -4.48460018e+01,  5.29041575e+01, -3.67903330e+01,\n",
       "         7.12622809e+01, -1.26926539e+02,  9.67089247e+02,\n",
       "        -5.00470385e+01,  5.59572870e+01, -4.08298070e+01,\n",
       "         7.88454686e+01, -4.64855439e+01,  5.02697319e+01,\n",
       "        -1.06206638e+02, -1.22376729e+01,  3.35452630e+02,\n",
       "         7.02475486e+00,  4.08401978e+01, -3.35183857e+01,\n",
       "         1.14262004e+01,  1.14262004e+01, -2.69568037e+02],\n",
       "       [ 2.90040849e+00,  2.46653590e-01,  3.13371697e+00,\n",
       "        -3.88104157e-01,  3.65400770e+00, -1.68061988e+00,\n",
       "         3.84469411e+00, -1.12279746e+00,  3.47488794e+00,\n",
       "        -2.70686740e+00,  8.06540553e+00, -5.00470385e+01,\n",
       "         4.54898993e+00, -2.54714587e-01,  3.70958519e+00,\n",
       "        -2.21684128e+00,  4.09926296e+00, -6.11304192e-01,\n",
       "         7.21804994e+00, -1.62438111e+00, -1.30011600e+01,\n",
       "        -9.60421110e-01, -2.78001920e+00,  4.23777278e+00,\n",
       "        -3.95784909e-01, -3.95784909e-01,  4.45162936e+00],\n",
       "       [ 1.29040659e+00,  1.66128540e+01,  2.74655849e+00,\n",
       "         1.46933477e+01,  1.98810245e+00,  1.41509993e+01,\n",
       "         6.20369727e-01,  2.02456420e+01,  1.54223534e+00,\n",
       "         1.50806424e+01,  8.33624062e+00,  5.59572870e+01,\n",
       "        -2.54714587e-01,  2.65300321e+01, -1.12510667e+00,\n",
       "         2.39348846e+01,  4.40847085e-01,  1.84951106e+01,\n",
       "         8.40485962e+00, -9.85079436e+00,  2.91868334e+01,\n",
       "         2.53835418e+00, -4.54441703e-01,  1.42305876e+01,\n",
       "         8.79010458e-01,  8.79010458e-01, -3.18434271e+01],\n",
       "       [ 2.63280592e+00, -1.86503475e-01,  2.53007458e+00,\n",
       "        -2.94742726e-01,  3.17046184e+00, -1.75861473e+00,\n",
       "         3.22958718e+00, -1.34834317e+00,  3.03916362e+00,\n",
       "        -1.48800018e+00,  5.85799456e+00, -4.08298070e+01,\n",
       "         3.70958519e+00, -1.12510667e+00,  3.86674518e+00,\n",
       "        -2.01155158e+00,  3.48477965e+00, -1.21261846e+00,\n",
       "         5.34914118e+00, -2.41279355e+00, -8.74709672e+00,\n",
       "        -1.04400946e+00, -1.44364156e+00,  3.31940284e+00,\n",
       "        -2.70788894e-01, -2.70788894e-01,  6.68829371e+00],\n",
       "       [ 1.01259217e-01,  1.55982629e+01,  9.33244384e-01,\n",
       "         1.47647285e+01,  6.65946539e-01,  1.43374517e+01,\n",
       "        -8.43185545e-01,  1.95464316e+01,  2.63039603e-01,\n",
       "         1.67251576e+01,  2.74604310e+00,  7.88454686e+01,\n",
       "        -2.21684128e+00,  2.39348846e+01, -2.01155158e+00,\n",
       "         2.76075053e+01, -1.03896779e+00,  1.87515239e+01,\n",
       "         3.60809551e+00, -8.54022184e+00,  3.86401436e+01,\n",
       "         2.40531189e+00,  3.02294724e+00,  1.14738462e+01,\n",
       "         6.63441075e-01,  6.63441075e-01, -4.99094516e+01],\n",
       "       [ 2.78395960e+00,  1.00860126e+00,  3.04656003e+00,\n",
       "         5.12538650e-01,  3.69836312e+00, -1.21488606e+00,\n",
       "         3.72065635e+00, -2.86510333e-01,  3.46770836e+00,\n",
       "        -2.42421818e+00,  8.25865360e+00, -4.64855439e+01,\n",
       "         4.09926296e+00,  4.40847085e-01,  3.48477965e+00,\n",
       "        -1.03896779e+00,  4.12946242e+00,  4.58434646e-03,\n",
       "         7.25928364e+00, -2.46636463e+00, -9.49857706e+00,\n",
       "        -8.84901731e-01, -2.52482527e+00,  5.01348550e+00,\n",
       "        -2.48402755e-01, -2.48402755e-01,  9.55963910e-01],\n",
       "       [ 5.75639677e-01,  1.28075355e+01,  1.51172525e+00,\n",
       "         1.16234314e+01,  1.22701615e+00,  1.14404314e+01,\n",
       "        -1.14970930e-01,  1.56705372e+01,  6.10379010e-01,\n",
       "         1.00851819e+01,  4.83741573e+00,  5.02697319e+01,\n",
       "        -6.11304192e-01,  1.84951106e+01, -1.21261846e+00,\n",
       "         1.87515239e+01,  4.58434646e-03,  1.73986333e+01,\n",
       "         5.12169536e+00, -5.34377698e+00,  2.27101376e+01,\n",
       "         2.22293893e+00,  3.42756162e-01,  9.68311775e+00,\n",
       "         8.66068529e-02,  8.66068529e-02, -2.23225857e+01],\n",
       "       [ 5.97296058e+00,  7.44176106e+00,  9.47841900e+00,\n",
       "         7.40874303e-01,  7.60691562e+00,  2.29434604e+00,\n",
       "         7.37000440e+00,  7.03881499e+00,  6.55304415e+00,\n",
       "        -2.11489525e+00,  3.17874289e+01, -1.06206638e+02,\n",
       "         7.21804994e+00,  8.40485962e+00,  5.34914118e+00,\n",
       "         3.60809551e+00,  7.25928364e+00,  5.12169536e+00,\n",
       "         2.85848377e+01, -5.72064503e+00, -4.57920991e+01,\n",
       "         2.45350832e+00, -5.07854829e+00,  1.78565604e+01,\n",
       "        -1.67965842e+00, -1.67965842e+00,  5.51741107e+01],\n",
       "       [-1.81913834e+00, -8.27822881e+00, -2.10299766e+00,\n",
       "        -7.53377121e+00, -2.89357831e+00, -5.35428490e+00,\n",
       "        -1.29438447e+00, -7.66944985e+00, -2.43490988e+00,\n",
       "        -7.89747878e+00, -6.46039918e+00, -1.22376729e+01,\n",
       "        -1.62438111e+00, -9.85079436e+00, -2.41279355e+00,\n",
       "        -8.54022184e+00, -2.46636463e+00, -5.34377698e+00,\n",
       "        -5.72064503e+00,  5.38792734e+01, -9.69567429e+00,\n",
       "        -4.04674503e+00,  4.47606493e+00, -7.57310454e+00,\n",
       "        -6.60610075e-01, -6.60610075e-01, -2.27496925e+01],\n",
       "       [-8.16687014e+00,  1.66329347e+01, -1.66512160e+01,\n",
       "         3.63704352e+01, -8.35942750e+00,  1.77733885e+01,\n",
       "        -1.17709251e+01,  2.23548042e+01, -7.59436216e+00,\n",
       "         2.51951523e+01, -5.19874861e+01,  3.35452630e+02,\n",
       "        -1.30011600e+01,  2.91868334e+01, -8.74709672e+00,\n",
       "         3.86401436e+01, -9.49857706e+00,  2.27101376e+01,\n",
       "        -4.57920991e+01, -9.69567429e+00,  2.24623614e+02,\n",
       "        -6.64075805e+00,  1.50068171e+01,  2.52163699e+00,\n",
       "         7.33297984e+00,  7.33297984e+00, -2.46895130e+02],\n",
       "       [-3.40448387e-01,  1.89706178e+00,  2.75100958e-01,\n",
       "         5.71409150e-01, -4.87019999e-01,  1.96298620e+00,\n",
       "        -8.97821996e-01,  3.04661680e+00, -6.60867356e-01,\n",
       "         1.49847660e+00,  2.45406817e+00,  7.02475486e+00,\n",
       "        -9.60421110e-01,  2.53835418e+00, -1.04400946e+00,\n",
       "         2.40531189e+00, -8.84901731e-01,  2.22293893e+00,\n",
       "         2.45350832e+00, -4.04674503e+00, -6.64075805e+00,\n",
       "         6.03487026e+00, -3.69794972e-01,  1.21321720e+00,\n",
       "        -3.18771564e-01, -3.18771564e-01,  2.30804656e+01],\n",
       "       [-1.35424972e+00, -1.02685594e+00, -1.68553121e+00,\n",
       "        -3.43664158e-01, -2.42716508e+00,  8.87456138e-01,\n",
       "        -2.41835576e+00,  2.20424739e-01, -1.73670982e+00,\n",
       "        -2.27557353e+00, -6.22955901e+00,  4.08401978e+01,\n",
       "        -2.78001920e+00, -4.54441703e-01, -1.44364156e+00,\n",
       "         3.02294724e+00, -2.52482527e+00,  3.42756162e-01,\n",
       "        -5.07854829e+00,  4.47606493e+00,  1.50068171e+01,\n",
       "        -3.69794972e-01,  1.39470267e+02, -2.22902584e+00,\n",
       "         5.34553880e-02,  5.34553880e-02, -5.97417345e+00],\n",
       "       [ 3.99762102e+00,  1.09595387e+01,  5.55468677e+00,\n",
       "         8.70617196e+00,  5.57780248e+00,  5.99746786e+00,\n",
       "         4.61077064e+00,  1.15967107e+01,  4.68407515e+00,\n",
       "         3.39144898e+00,  1.96490046e+01, -3.35183857e+01,\n",
       "         4.23777278e+00,  1.42305876e+01,  3.31940284e+00,\n",
       "         1.14738462e+01,  5.01348550e+00,  9.68311775e+00,\n",
       "         1.78565604e+01, -7.57310454e+00,  2.52163699e+00,\n",
       "         1.21321720e+00, -2.22902584e+00,  1.78424965e+01,\n",
       "        -1.24100488e-01, -1.24100488e-01,  4.37412182e+00],\n",
       "       [-2.81594696e-01,  1.35117328e-01, -6.95225358e-01,\n",
       "         1.10327178e+00, -1.92648508e-01, -3.71758091e-02,\n",
       "        -4.38976391e-01,  3.87600973e-01, -2.06426246e-01,\n",
       "        -2.66886665e+00, -2.09833239e+00,  1.14262004e+01,\n",
       "        -3.95784909e-01,  8.79010458e-01, -2.70788894e-01,\n",
       "         6.63441075e-01, -2.48402755e-01,  8.66068529e-02,\n",
       "        -1.67965842e+00, -6.60610075e-01,  7.33297984e+00,\n",
       "        -3.18771564e-01,  5.34553880e-02, -1.24100488e-01,\n",
       "         2.06094519e+02,  2.06094519e+02,  8.72459196e-02],\n",
       "       [-2.81594696e-01,  1.35117328e-01, -6.95225358e-01,\n",
       "         1.10327178e+00, -1.92648508e-01, -3.71758091e-02,\n",
       "        -4.38976391e-01,  3.87600973e-01, -2.06426246e-01,\n",
       "        -2.66886665e+00, -2.09833239e+00,  1.14262004e+01,\n",
       "        -3.95784909e-01,  8.79010458e-01, -2.70788894e-01,\n",
       "         6.63441075e-01, -2.48402755e-01,  8.66068529e-02,\n",
       "        -1.67965842e+00, -6.60610075e-01,  7.33297984e+00,\n",
       "        -3.18771564e-01,  5.34553880e-02, -1.24100488e-01,\n",
       "         2.06094519e+02,  2.06094519e+02,  8.72459196e-02],\n",
       "       [ 8.05888303e+00,  3.20020519e+01,  2.53729380e+01,\n",
       "        -2.83995323e+01,  1.70969509e+01,  9.13760927e+00,\n",
       "         7.63973236e+00,  6.16972980e+00,  2.42830920e+00,\n",
       "         1.06518705e+01,  7.36734340e+01, -2.69568037e+02,\n",
       "         4.45162936e+00, -3.18434271e+01,  6.68829371e+00,\n",
       "        -4.99094516e+01,  9.55963910e-01, -2.23225857e+01,\n",
       "         5.51741107e+01, -2.27496925e+01, -2.46895130e+02,\n",
       "         2.30804656e+01, -5.97417345e+00,  4.37412182e+00,\n",
       "         8.72459196e-02,  8.72459196e-02,  1.08860711e+04]])"
      ]
     },
     "execution_count": 7,
     "metadata": {},
     "output_type": "execute_result"
    }
   ],
   "source": [
    "cov_mat=np.cov(dp.T)\n",
    "cov_mat"
   ]
  },
  {
   "cell_type": "code",
   "execution_count": 8,
   "id": "f0f924a0",
   "metadata": {},
   "outputs": [
    {
     "data": {
      "text/plain": [
       "array([1.09012571e+04, 1.15942310e+03, 4.11859171e+02, 1.57067489e+02,\n",
       "       1.34908524e+02, 9.86468623e+01, 6.70741755e+01, 4.76427708e+01,\n",
       "       1.14428017e+01, 7.71199274e+00, 7.33763089e+00, 4.00178501e+00,\n",
       "       3.29964990e+00, 2.68158974e+00, 2.54224438e+00, 1.30165824e+00,\n",
       "       9.15675606e-01, 7.14952322e-01, 6.27670942e-01, 4.75979884e-01,\n",
       "       4.05541592e-01, 2.93564959e-01, 2.10064168e-01, 1.33756416e-01,\n",
       "       7.16457000e-02, 9.77895859e-02, 1.09437612e-17])"
      ]
     },
     "execution_count": 8,
     "metadata": {},
     "output_type": "execute_result"
    }
   ],
   "source": [
    "eigen_values,eigen_vectors=np.linalg.eig(cov_mat)\n",
    "eigen_values"
   ]
  },
  {
   "cell_type": "code",
   "execution_count": 9,
   "id": "8292fa21",
   "metadata": {},
   "outputs": [
    {
     "data": {
      "text/plain": [
       "array([[-8.46040015e-04, -2.80442471e-02, -1.00683557e-03,\n",
       "         5.76812646e-02, -2.82400816e-02,  1.15548496e-02,\n",
       "        -4.42462495e-03, -1.66980246e-03, -1.18229023e-01,\n",
       "         2.19203563e-01,  1.66447279e-01, -1.39532151e-01,\n",
       "         1.18134237e-01,  6.54556003e-02,  1.30170959e-02,\n",
       "        -1.42216781e-01, -7.48130761e-02,  4.29343143e-02,\n",
       "         1.72763437e-01, -1.66005427e-01, -3.39805768e-01,\n",
       "        -1.81842482e-01, -3.66383142e-01, -2.88869846e-01,\n",
       "        -6.44267650e-01,  3.08327825e-02, -2.27683654e-19],\n",
       "       [-2.81870202e-03,  3.30644074e-02,  2.34978263e-03,\n",
       "         2.44790466e-01, -9.43230622e-02, -5.27872847e-02,\n",
       "        -8.65553529e-02,  6.03854226e-02,  2.48568177e-01,\n",
       "         2.68587846e-01, -3.08083399e-01,  1.86538361e-01,\n",
       "         3.07721212e-01,  1.19495365e-01,  2.08715297e-01,\n",
       "         4.85971411e-01,  2.12919927e-01, -3.84603756e-01,\n",
       "        -3.77868108e-02, -1.28405078e-01,  7.38181348e-02,\n",
       "        -2.87795190e-02,  9.90070558e-02, -1.27573866e-01,\n",
       "        -1.42258551e-01, -6.85879287e-03,  1.19327312e-17],\n",
       "       [-2.48124850e-03, -3.78805719e-02, -9.74517968e-06,\n",
       "         8.11536503e-02, -3.91487408e-02, -5.17039853e-02,\n",
       "        -2.63441662e-02,  1.84175531e-02, -1.82231499e-01,\n",
       "         1.09091380e-01,  2.36960804e-01,  2.27361619e-02,\n",
       "         4.19447704e-01,  3.51852847e-02,  1.12586310e-01,\n",
       "         6.71243616e-02,  5.85468840e-02, -6.36373494e-02,\n",
       "         1.18871932e-01, -4.58540493e-02, -2.18349022e-01,\n",
       "        -1.62910808e-01, -4.65851424e-01,  3.22766068e-01,\n",
       "         5.14783566e-01, -8.04803751e-02, -2.59011434e-17],\n",
       "       [ 2.82398416e-03,  5.38181260e-02, -9.00949813e-05,\n",
       "         2.09209636e-01, -7.83530094e-02,  8.68837991e-02,\n",
       "        -4.71432946e-02,  3.43249755e-02,  3.42303938e-01,\n",
       "         3.64256634e-01, -4.78394847e-01, -1.02162672e-01,\n",
       "        -4.12325500e-01,  7.09238363e-02, -1.02628350e-01,\n",
       "        -9.41603168e-02,  6.17964530e-03,  2.68757958e-01,\n",
       "         1.09393334e-01,  2.09364699e-02, -2.19669493e-01,\n",
       "        -1.00677894e-01, -2.36538209e-01,  1.05937084e-01,\n",
       "         2.02109940e-01, -3.94574316e-02, -4.09849673e-17],\n",
       "       [-1.70221042e-03, -3.58043245e-02, -1.96843663e-03,\n",
       "         8.43044484e-02, -3.65667988e-02,  3.91841118e-02,\n",
       "        -1.62087393e-02, -4.85366789e-03, -7.80539215e-02,\n",
       "         2.36076557e-01,  1.32831913e-01, -1.44449741e-01,\n",
       "         1.81863508e-02,  2.26347633e-02,  6.02245808e-02,\n",
       "        -3.37962527e-02, -1.44114665e-02,  1.98550222e-01,\n",
       "         3.69515829e-01, -6.62331238e-01,  1.21012956e-01,\n",
       "         3.91216949e-01,  2.74954735e-01, -2.06585373e-02,\n",
       "         1.51007796e-01,  3.34484367e-02,  5.92912819e-17],\n",
       "       [-6.57377584e-04,  5.03768598e-02,  4.28293028e-03,\n",
       "         1.64409208e-01, -6.28762239e-02, -9.52311064e-02,\n",
       "        -6.49170093e-02,  6.23707555e-02,  2.13190455e-01,\n",
       "         8.00407987e-02,  2.48463806e-02,  1.29991630e-01,\n",
       "         3.11427498e-01, -1.46840316e-02,  1.33760836e-01,\n",
       "         6.32583909e-03, -7.22850277e-01,  3.77973448e-01,\n",
       "        -2.71197714e-01,  1.83213439e-02,  1.50073044e-01,\n",
       "        -3.35192714e-03,  1.64673909e-02,  3.75453937e-02,\n",
       "        -3.51810862e-02,  8.22983047e-03,  7.10221114e-17],\n",
       "       [-8.54732221e-04, -4.09374362e-02, -1.44769663e-03,\n",
       "         6.23273675e-02, -2.77612105e-02,  2.87843795e-02,\n",
       "        -1.50379764e-03,  7.17828104e-03, -1.18873042e-01,\n",
       "         2.69870516e-01,  1.84133980e-01, -8.95813950e-02,\n",
       "         3.26139808e-02,  1.03368651e-01,  5.59646276e-03,\n",
       "         2.71460615e-01, -1.09906528e-01,  9.06071548e-02,\n",
       "         3.04409655e-01,  6.01079020e-01, -3.44960895e-01,\n",
       "         2.27762434e-01,  3.57604520e-01, -6.35204393e-02,\n",
       "         3.52595170e-02,  1.17668467e-02, -1.50357897e-17],\n",
       "       [-3.76038940e-04,  5.27903040e-02,  3.10232965e-03,\n",
       "         2.61673823e-01, -1.03762627e-01, -9.90902071e-02,\n",
       "        -1.01815257e-01,  1.02198523e-01,  1.45932326e-01,\n",
       "        -1.59708219e-02, -9.60625063e-02,  4.05069804e-02,\n",
       "         3.79432787e-01,  8.89507285e-03,  3.22622077e-02,\n",
       "        -7.12107634e-01,  2.77146786e-01, -4.08994547e-02,\n",
       "         6.71089226e-02,  2.31595393e-01,  3.02711008e-02,\n",
       "         2.25294959e-01,  1.11010851e-01, -3.90622214e-02,\n",
       "        -1.57808926e-02, -1.82089341e-02, -2.92506896e-17],\n",
       "       [-3.45011158e-04, -3.28539742e-02, -1.64425051e-03,\n",
       "         7.27928500e-02, -3.44074587e-02,  3.19274520e-02,\n",
       "         1.35208796e-02, -7.79607601e-03, -8.71571976e-02,\n",
       "         2.58872945e-01,  1.37394053e-01, -1.35187431e-01,\n",
       "         2.07970309e-02,  9.22092073e-02, -1.54745215e-02,\n",
       "        -8.12635208e-02,  1.00539128e-01,  1.17758280e-01,\n",
       "         1.83211511e-01,  1.32461111e-01,  5.15777327e-01,\n",
       "        -6.57282288e-01,  1.86512509e-01, -1.13835157e-01,\n",
       "         8.81865288e-02,  1.87012117e-01, -4.14441833e-18],\n",
       "       [-7.27873797e-04,  7.33656185e-02,  1.75640073e-02,\n",
       "         2.90038009e-01, -5.67577968e-02, -2.86484124e-01,\n",
       "         9.03577284e-01, -8.88889236e-04, -5.98290362e-02,\n",
       "        -2.21665965e-02, -4.27818138e-02, -9.62403491e-03,\n",
       "        -2.33946825e-02, -3.68340700e-02, -3.89376189e-03,\n",
       "         1.37259746e-02, -7.06014502e-04,  1.21359260e-03,\n",
       "         1.03638390e-03, -5.69007533e-03, -1.46239142e-03,\n",
       "         1.59562203e-02, -3.30039457e-03,  1.91339696e-03,\n",
       "        -3.77995710e-03, -4.08788515e-03,  6.39617145e-18],\n",
       "       [-7.24349898e-03, -1.20101512e-01, -6.20458066e-04,\n",
       "         2.54629350e-01, -1.18388970e-01, -1.45935309e-01,\n",
       "        -1.74079240e-01,  7.24376757e-02, -4.50824373e-01,\n",
       "        -1.81346619e-01, -1.97485556e-01,  1.54215396e-01,\n",
       "         4.75771377e-03, -1.23228658e-01,  1.08814576e-01,\n",
       "         1.76195786e-01,  3.37582989e-01,  5.58419686e-01,\n",
       "        -1.87534375e-01, -2.24924072e-02, -1.05071899e-01,\n",
       "        -4.13375772e-02,  4.70447469e-02, -5.22517991e-02,\n",
       "        -5.79820838e-02,  1.01454453e-01, -1.90887393e-17],\n",
       "       [ 2.81743794e-02,  9.02551328e-01,  2.59565994e-02,\n",
       "        -1.06657675e-01,  9.33704788e-02, -2.99935265e-01,\n",
       "        -1.40143180e-01, -1.13952959e-02, -1.90779531e-01,\n",
       "         1.17238721e-01, -5.51887517e-03, -2.48684546e-02,\n",
       "        -4.31861844e-02,  9.98102361e-03, -6.99119925e-04,\n",
       "         1.79657945e-02,  2.44272471e-02,  1.40311862e-02,\n",
       "        -5.87138866e-04, -5.57534473e-03,  6.96797424e-03,\n",
       "         6.08240290e-03,  3.05363357e-03,  7.55829969e-03,\n",
       "        -2.10981818e-04,  7.27444413e-03,  1.52154069e-18],\n",
       "       [-5.79147657e-04, -4.57946355e-02, -2.02399938e-03,\n",
       "         5.37233898e-02, -2.29258445e-02,  4.26573231e-02,\n",
       "        -3.28369219e-03, -1.08938415e-02, -8.66063255e-02,\n",
       "         3.07572641e-01,  1.45317861e-01, -1.64725169e-01,\n",
       "        -5.02627411e-02, -4.83991481e-02, -1.46157200e-01,\n",
       "         6.47469194e-02,  9.46621939e-02, -2.27555555e-02,\n",
       "        -3.80188803e-01,  1.44331325e-01,  2.81806317e-01,\n",
       "         3.92406478e-01, -3.87619174e-01, -4.30079260e-01,\n",
       "         1.82203817e-01,  1.87336291e-01,  1.06468154e-16],\n",
       "       [ 3.13321327e-03,  5.65691658e-02,  1.61851446e-03,\n",
       "         3.18922674e-01, -1.25195340e-01, -7.09977512e-02,\n",
       "        -1.16239030e-01,  1.06241428e-01,  1.33551350e-01,\n",
       "        -1.39118157e-01,  2.63917701e-01,  1.01017425e-01,\n",
       "         4.18651018e-02,  1.54939149e-01, -8.10302138e-01,\n",
       "         1.34231874e-01,  3.75510212e-02, -4.05854047e-03,\n",
       "        -3.97277788e-02, -1.12121991e-01, -5.67629607e-02,\n",
       "        -5.52762542e-02,  7.40223206e-02,  5.50380830e-02,\n",
       "        -2.65012762e-02, -3.29323513e-02,  1.39583831e-19],\n",
       "       [-7.48409414e-04, -3.66866359e-02, -1.83510850e-03,\n",
       "         4.08040620e-02, -2.35306020e-02,  5.34667025e-02,\n",
       "         1.86816719e-02, -3.92175444e-02, -1.06531116e-01,\n",
       "         3.04800816e-01,  1.34778367e-01, -1.85076371e-01,\n",
       "        -6.31549243e-02,  7.38064778e-02,  6.96102342e-02,\n",
       "        -1.97132482e-01,  3.57142825e-02, -1.59975131e-01,\n",
       "        -6.26558137e-01, -1.75518731e-01, -3.60730464e-01,\n",
       "        -1.76991989e-01,  3.90909294e-01,  1.01843670e-01,\n",
       "         7.96521256e-02, -2.53650455e-02, -3.45315510e-17],\n",
       "       [ 4.87817523e-03,  7.83550734e-02,  3.87608095e-03,\n",
       "         2.82859488e-01, -1.27566185e-01, -5.54267584e-02,\n",
       "        -8.38564054e-02,  1.10516686e-01,  2.36767147e-01,\n",
       "        -2.69403060e-01,  4.37454454e-01, -4.11897332e-03,\n",
       "        -3.74676237e-01,  4.35322844e-01,  4.50438096e-01,\n",
       "         2.23497400e-02,  9.32856077e-02,  1.36240323e-02,\n",
       "        -2.98794725e-02,  1.97375049e-02,  2.43273474e-02,\n",
       "         3.45221262e-02, -9.45072885e-02, -2.25728925e-02,\n",
       "         4.62184044e-03,  2.24161063e-02,  1.48352311e-17],\n",
       "       [-2.41237136e-04, -4.17973789e-02, -2.29463388e-03,\n",
       "         6.74766553e-02, -3.05276246e-02,  5.70664958e-02,\n",
       "        -9.17955274e-03, -1.55022366e-02, -9.58784414e-02,\n",
       "         2.50744261e-01,  9.56463846e-02, -1.38132573e-01,\n",
       "        -5.61869177e-02, -2.32380268e-02,  4.80784824e-06,\n",
       "         6.73123091e-02,  1.49763236e-01,  6.57505749e-02,\n",
       "        -9.01902576e-02,  1.26215757e-01,  3.41952480e-01,\n",
       "         1.77950332e-01, -9.43104741e-02,  6.28644306e-01,\n",
       "        -4.04324253e-01, -3.37162300e-01, -1.25844207e-16],\n",
       "       [ 2.23320041e-03,  4.97034599e-02,  3.72544692e-03,\n",
       "         2.27316491e-01, -9.14654487e-02, -6.75828588e-02,\n",
       "        -1.15100876e-01,  1.24159069e-01,  2.33248506e-01,\n",
       "        -1.64852824e-02,  2.48380010e-01, -1.64114983e-01,\n",
       "        -1.26101219e-01, -8.34254684e-01,  1.04303121e-01,\n",
       "         7.49916016e-02,  2.55915478e-02, -1.11119161e-01,\n",
       "         6.78822607e-02,  7.81807805e-03, -6.55151213e-02,\n",
       "        -9.45553787e-02,  3.63796389e-02, -8.95412500e-03,\n",
       "         1.54440636e-03,  1.55590172e-02,  4.04364002e-19],\n",
       "       [-5.47365972e-03, -1.01333130e-01, -7.00152238e-04,\n",
       "         2.31970692e-01, -1.08579543e-01, -1.52576357e-01,\n",
       "        -1.57775495e-01,  7.20875380e-02, -3.76790569e-01,\n",
       "        -3.42362925e-02, -1.41085255e-01, -2.49039964e-02,\n",
       "        -1.93413743e-01,  1.57422865e-02,  4.51074354e-03,\n",
       "        -8.18162968e-02, -2.80301095e-01, -2.63138667e-01,\n",
       "         7.39781839e-02,  6.12324697e-03,  1.13460080e-01,\n",
       "        -5.41276026e-02,  4.74513431e-03, -2.69657785e-01,\n",
       "         1.15197121e-01, -6.38404550e-01, -1.88918438e-16],\n",
       "       [ 2.04603795e-03, -1.47264527e-02,  1.16883622e-03,\n",
       "        -2.35707486e-01,  5.55642154e-02,  3.01511702e-02,\n",
       "         8.89801446e-02,  9.58263601e-01, -3.78843589e-02,\n",
       "         4.44378129e-02, -3.17839457e-02, -7.50924339e-02,\n",
       "         1.26343043e-02,  4.60321814e-02, -7.82614658e-03,\n",
       "         1.71125215e-02,  1.02153741e-02,  1.34606531e-02,\n",
       "        -2.31379328e-02, -1.88541518e-02,  3.47535463e-03,\n",
       "        -4.94615529e-03,  5.98627125e-03,  8.51290274e-03,\n",
       "        -1.78462957e-03, -4.51233583e-03, -4.03106944e-18],\n",
       "       [ 2.40926035e-02,  3.43531526e-01, -3.71082148e-03,\n",
       "         2.18874570e-01, -1.15449451e-01,  8.43331898e-01,\n",
       "         1.49394375e-01,  2.62475643e-02, -1.21677548e-01,\n",
       "        -1.66079431e-01, -2.94348954e-02, -7.42532368e-03,\n",
       "         1.20364467e-01, -4.80826186e-02,  3.62628782e-02,\n",
       "         3.09856915e-02, -1.05875196e-02,  3.75296073e-02,\n",
       "        -2.67191962e-02,  6.06564076e-03,  5.42141491e-03,\n",
       "        -1.76478782e-02,  5.73650016e-03, -7.95197256e-02,\n",
       "         1.84157400e-02, -1.19370675e-01, -5.13239739e-17],\n",
       "       [-2.11513345e-03,  4.72343442e-03,  1.82482156e-03,\n",
       "         2.81414991e-02, -4.71632327e-03, -1.06233408e-01,\n",
       "        -5.46859352e-02, -5.20808824e-02,  9.61410974e-02,\n",
       "        -3.29221029e-01, -2.02699209e-01, -8.46813192e-01,\n",
       "         2.45330954e-01,  1.23283019e-01, -1.19795228e-02,\n",
       "         1.58586870e-01, -2.23072131e-03,  5.12957585e-02,\n",
       "        -4.12718171e-02,  8.61474287e-03, -7.68812966e-04,\n",
       "        -1.05782330e-02,  1.00828632e-02, -7.85034723e-03,\n",
       "         1.50063184e-02, -2.76401868e-02, -7.24476879e-18],\n",
       "       [ 7.06035369e-04,  4.28967781e-02,  3.45547179e-03,\n",
       "        -3.73622560e-01, -9.23076419e-01, -4.98147415e-02,\n",
       "         4.30258292e-02, -4.00430256e-02,  1.48652791e-02,\n",
       "         7.98413420e-03, -7.69214370e-03, -3.91973271e-04,\n",
       "         2.29357318e-03, -6.06706214e-03, -1.09959582e-02,\n",
       "         2.43183065e-03,  1.63332769e-03,  1.65396451e-03,\n",
       "         2.62365792e-03,  5.66271603e-04,  4.23135688e-04,\n",
       "         4.49585849e-03,  5.96588891e-04,  6.07979029e-04,\n",
       "        -4.07671514e-04,  7.26954698e-04, -2.45682455e-17],\n",
       "       [-5.00518134e-04, -2.67970779e-02, -1.38615805e-03,\n",
       "         2.72212659e-01, -1.26643988e-01,  3.08854827e-02,\n",
       "        -1.17604155e-01,  7.54334432e-02, -3.34742199e-01,\n",
       "        -6.40423538e-02, -1.92748440e-01, -5.95914811e-02,\n",
       "        -1.42189458e-01,  2.81635085e-02, -1.16969745e-02,\n",
       "        -7.26297222e-02, -2.95124893e-01, -3.73418428e-01,\n",
       "         7.65958914e-02,  1.58491338e-02,  3.82120967e-02,\n",
       "         7.84341831e-02, -4.48971664e-02,  2.97331029e-01,\n",
       "        -6.75261195e-02,  6.08387344e-01,  2.33833289e-16],\n",
       "       [ 4.28257954e-05,  1.78899982e-02, -7.06716615e-01,\n",
       "         2.16437200e-03, -1.72601152e-03, -1.27637561e-02,\n",
       "         7.42039954e-03,  1.56233849e-03,  5.24508887e-04,\n",
       "        -5.13743382e-04, -1.68063314e-04,  1.08405462e-05,\n",
       "         2.42444148e-04, -8.85915799e-04,  1.20481493e-03,\n",
       "         3.79219874e-04, -4.61421176e-04,  2.43006831e-04,\n",
       "        -3.75045959e-04,  1.82527209e-04, -1.24090242e-04,\n",
       "         3.86224550e-05, -6.64554355e-05, -8.56220608e-05,\n",
       "        -5.34312867e-05,  8.88214666e-05, -7.07106781e-01],\n",
       "       [ 4.28257954e-05,  1.78899982e-02, -7.06716615e-01,\n",
       "         2.16437200e-03, -1.72601152e-03, -1.27637561e-02,\n",
       "         7.42039954e-03,  1.56233849e-03,  5.24508887e-04,\n",
       "        -5.13743382e-04, -1.68063314e-04,  1.08405462e-05,\n",
       "         2.42444148e-04, -8.85915799e-04,  1.20481493e-03,\n",
       "         3.79219874e-04, -4.61421176e-04,  2.43006831e-04,\n",
       "        -3.75045959e-04,  1.82527209e-04, -1.24090242e-04,\n",
       "         3.86224550e-05, -6.64554355e-05, -8.56220608e-05,\n",
       "        -5.34312867e-05,  8.88214666e-05,  7.07106781e-01],\n",
       "       [-9.99233062e-01,  3.60747237e-02,  6.09621086e-04,\n",
       "         3.24647173e-05,  4.08411520e-05,  1.40016988e-02,\n",
       "         7.50839000e-04,  2.39591615e-03,  9.72577133e-05,\n",
       "        -1.56395358e-03,  3.51165066e-03, -4.73726759e-04,\n",
       "        -3.17242008e-03,  6.38166420e-05, -1.39620799e-03,\n",
       "        -6.22436436e-04, -6.45325434e-07, -6.97931026e-07,\n",
       "         6.31243714e-05,  9.82920378e-04,  7.85195753e-05,\n",
       "        -4.09019347e-04, -6.91781502e-04,  3.20663214e-04,\n",
       "         5.44144166e-05, -1.79223061e-04, -2.67430865e-19]])"
      ]
     },
     "execution_count": 9,
     "metadata": {},
     "output_type": "execute_result"
    }
   ],
   "source": [
    "eigen_vectors"
   ]
  },
  {
   "cell_type": "code",
   "execution_count": 10,
   "id": "c90ece6b",
   "metadata": {},
   "outputs": [
    {
     "data": {
      "text/plain": [
       "[0,\n",
       " 1,\n",
       " 2,\n",
       " 3,\n",
       " 4,\n",
       " 5,\n",
       " 6,\n",
       " 7,\n",
       " 8,\n",
       " 9,\n",
       " 10,\n",
       " 11,\n",
       " 12,\n",
       " 13,\n",
       " 14,\n",
       " 15,\n",
       " 16,\n",
       " 17,\n",
       " 18,\n",
       " 19,\n",
       " 20,\n",
       " 21,\n",
       " 22,\n",
       " 23,\n",
       " 25,\n",
       " 24,\n",
       " 26]"
      ]
     },
     "execution_count": 10,
     "metadata": {},
     "output_type": "execute_result"
    }
   ],
   "source": [
    "indices=np.argsort(-eigen_values).tolist()\n",
    "indices"
   ]
  },
  {
   "cell_type": "code",
   "execution_count": 11,
   "id": "e897eecd",
   "metadata": {},
   "outputs": [
    {
     "name": "stdout",
     "output_type": "stream",
     "text": [
      "Final weights for  1  set of features are: []\n",
      "The Training error for  1  set of features is: 0.5162275031774761\n",
      "The Testing error for  1  set of features is: 0.4347836082546695\n",
      "Percentage of variance explained:  83.71322033694922 %\n",
      "\n",
      "\n",
      "Final weights for  2  set of features are: [0.04599612]\n",
      "The Training error for  2  set of features is: 0.5151682643363538\n",
